39 0.061553 0.457071 0.069129 0.186869
39 0.126420 0.481061 0.030303 0.106061
39 0.198864 0.482955 0.036932 0.114899
39 0.911458 0.561869 0.092803 0.272727
39 0.779356 0.622475 0.042614 0.141414
39 0.977273 0.690025 0.035038 0.102273
39 0.499053 0.580808 0.036932 0.098485
39 0.424716 0.501263 0.039773 0.151515
39 0.458333 0.538510 0.021780 0.109848
39 0.465909 0.594697 0.025568 0.073232
39 0.405303 0.590909 0.038826 0.063131
39 0.366951 0.571970 0.022727 0.080808
39 0.331439 0.538510 0.042614 0.109848
39 0.371212 0.506944 0.025568 0.094697
39 0.385417 0.541667 0.014205 0.068182
39 0.317235 0.473485 0.027462 0.088384
39 0.244318 0.511364 0.029356 0.133838
39 0.215909 0.500000 0.036932 0.123737
39 0.260417 0.496212 0.050189 0.143939
39 0.170455 0.533460 0.021780 0.066919
39 0.091856 0.532828 0.027462 0.060606
39 0.226326 0.891414 0.042614 0.111111
39 0.267519 0.918561 0.034091 0.109848
39 0.270360 0.845960 0.049242 0.154040
39 0.312027 0.877525 0.043561 0.133838
39 0.302557 0.930556 0.034091 0.106061
39 0.359375 0.834596 0.062500 0.217172
39 0.391572 0.969697 0.039773 0.060606
39 0.420928 0.903409 0.043561 0.097222
39 0.481061 0.913510 0.048295 0.135101
39 0.436553 0.959596 0.029356 0.068182
39 0.564394 0.948864 0.055871 0.099747
39 0.510417 0.962121 0.029356 0.075758
39 0.725379 0.969697 0.063447 0.060606